f   collision_spring_constant 0.0565487
  spring_damping_factor 0
  spring 0 1 1e-008 0.226195
  spring 1 2 1e-008 0.226195
  spring 2 3 1e-008 0.226195
  spring 3 4 1e-008 0.226195
  spring 4 5 1e-008 0.226195
  spring 5 6 1e-008 0.226195
  spring 6 7 1e-008 0.226195
  spring 7 8 1e-008 0.226195
  spring 8 9 1e-008 0.226195
  spring 9 10 1e-008 0.226195
  spring 10 11 1e-008 0.226195
  spring 11 12 1e-008 0.226195
  spring 12 13 1e-008 0.226195
  spring 13 14 1e-008 0.226195
  spring 14 15 1e-008 0.226195
  spring 15 16 1e-008 0.226195
  spring 16 17 1e-008 0.226195
  spring 17 18 1e-008 0.226195
  spring 18 19 1e-008 0.226195
  spring 19 20 1e-008 0.226195
  spring 20 21 1e-008 0.226195
  spring 21 22 1e-008 0.226195
  spring 22 23 1e-008 0.226195
  spring 23 24 1e-008 0.226195
  spring 24 25 1e-008 0.226195
  spring 25 26 1e-008 0.226195
  spring 26 27 1e-008 0.226195
  spring 27 28 1e-008 0.226195
  spring 28 29 1e-008 0.226195
  spring 29 30 1e-008 0.226195
  spring 30 31 1e-008 0.226195
  spring 31 32 1e-008 0.226195
  spring 32 33 1e-008 0.226195
  spring 33 34 1e-008 0.226195
  spring 34 35 1e-008 0.226195
  spring 35 36 1e-008 0.226195
  spring 36 37 1e-008 0.226195
  spring 37 38 1e-008 0.226195
  spring 38 39 1e-008 0.226195
  spring 39 40 1e-008 0.226195
  spring 40 41 1e-008 0.226195
  spring 41 42 1e-008 0.226195
  spring 42 43 1e-008 0.226195
  spring 43 44 1e-008 0.226195
  spring 44 45 1e-008 0.226195
  spring 45 46 1e-008 0.226195
  spring 46 47 1e-008 0.226195
  spring 47 48 1e-008 0.226195
  spring 48 49 1e-008 0.226195
  spring 49 50 1e-008 0.226195
  spring 50 51 1e-008 0.226195
  spring 51 52 1e-008 0.226195
  spring 52 53 1e-008 0.226195
  spring 53 54 1e-008 0.226195
  spring 54 55 1e-008 0.226195
  spring 55 56 1e-008 0.226195
  spring 56 57 1e-008 0.226195
  spring 57 58 1e-008 0.226195
  spring 58 59 1e-008 0.226195
  spring 59 60 1e-008 0.226195
  spring 60 61 1e-008 0.226195
  spring 61 62 1e-008 0.226195
  spring 62 63 1e-008 0.226195
  spring 63 64 1e-008 0.226195
  spring 64 65 1e-008 0.226195
  spring 65 66 1e-008 0.226195
  spring 66 67 1e-008 0.226195
  spring 67 68 1e-008 0.226195
  spring 68 69 1e-008 0.226195
  spring 69 70 1e-008 0.226195
  spring 70 71 1e-008 0.226195
  spring 71 72 1e-008 0.226195
  spring 72 73 1e-008 0.226195
  spring 73 74 1e-008 0.226195
  spring 74 75 1e-008 0.226195
  spring 75 76 1e-008 0.226195
  spring 76 77 1e-008 0.226195
  spring 77 78 1e-008 0.226195
  spring 78 79 1e-008 0.226195
  spring 79 80 1e-008 0.226195
  spring 80 81 1e-008 0.226195
  spring 81 82 1e-008 0.226195
  spring 82 83 1e-008 0.226195
  spring 83 84 1e-008 0.226195
  spring 84 85 1e-008 0.226195
  spring 85 86 1e-008 0.226195
  spring 86 87 1e-008 0.226195
  spring 87 88 1e-008 0.226195
  spring 88 89 1e-008 0.226195
  spring 89 90 1e-008 0.226195
  spring 90 91 1e-008 0.226195
  spring 91 92 1e-008 0.226195
  spring 92 93 1e-008 0.226195
  spring 93 94 1e-008 0.226195
  spring 94 95 1e-008 0.226195
  spring 95 96 1e-008 0.226195
  spring 96 97 1e-008 0.226195
  spring 97 98 1e-008 0.226195
  spring 98 99 1e-008 0.226195
  spring 99 100 1e-008 0.226195
  spring 101 102 1e-08 0.226195
  spring 102 103 1e-08 0.226195
  spring 103 104 1e-08 0.226195
  spring 104 105 1e-08 0.226195
  spring 105 106 1e-08 0.226195
  spring 106 107 1e-08 0.226195
  spring 107 108 1e-08 0.226195
  spring 108 109 1e-08 0.226195
  spring 109 110 1e-08 0.226195
  spring 42 101 1e-08 0.226195
  spring 47 109 1e-08 0.226195
  spring 48 110 1e-08 0.226195
  spring 102 111 1e-08 0.0226195
  spring 108 111 1e-08 0.0226195
  collision_spring_constant 0.0565487
  spring_damping_factor 0
  spring 0 1 1e-08 0.226195
  spring 1 2 1e-08 0.226195
  spring 2 3 1e-08 0.226195
  spring 3 4 1e-08 0.226195
  spring 4 5 1e-08 0.226195
  spring 5 6 1e-08 0.226195
  spring 6 7 1e-08 0.226195
  spring 7 8 1e-08 0.226195
  spring 8 9 1e-08 0.226195
  spring 9 10 1e-08 0.226195
  spring 10 11 1e-08 0.226195
  spring 11 12 1e-08 0.226195
  spring 12 13 1e-08 0.226195
  spring 13 14 1e-08 0.226195
  spring 14 15 1e-08 0.226195
  spring 15 16 1e-08 0.226195
  spring 16 17 1e-08 0.226195
  spring 17 18 1e-08 0.226195
  spring 18 19 1e-08 0.226195
  spring 19 20 1e-08 0.226195
  spring 20 21 1e-08 0.226195
  spring 21 22 1e-08 0.226195
  spring 22 23 1e-08 0.226195
  spring 23 24 1e-08 0.226195
  spring 24 25 1e-08 0.226195
  spring 25 26 1e-08 0.226195
  spring 26 27 1e-08 0.226195
  spring 27 28 1e-08 0.226195
  spring 28 29 1e-08 0.226195
  spring 29 30 1e-08 0.226195
  spring 30 31 1e-08 0.226195
  spring 31 32 1e-08 0.226195
  spring 32 33 1e-08 0.226195
  spring 33 34 1e-08 0.226195
  spring 34 35 1e-08 0.226195
  spring 35 36 1e-08 0.226195
  spring 36 37 1e-08 0.226195
  spring 37 38 1e-08 0.226195
  spring 38 39 1e-08 0.226195
  spring 39 40 1e-08 0.226195
  spring 40 41 1e-08 0.226195
  spring 41 42 1e-08 0.226195
  spring 42 43 1e-08 0.226195
  spring 43 44 1e-08 0.226195
  spring 44 45 1e-08 0.226195
  spring 45 46 1e-08 0.226195
  spring 46 47 1e-08 0.226195
  spring 47 48 1e-08 0.226195
  spring 48 49 1e-08 0.226195
  spring 49 50 1e-08 0.226195
  spring 50 51 1e-08 0.226195
  spring 51 52 1e-08 0.226195
  spring 52 53 1e-08 0.226195
  spring 53 54 1e-08 0.226195
  spring 54 55 1e-08 0.226195
  spring 55 56 1e-08 0.226195
  spring 56 57 1e-08 0.226195
  spring 57 58 1e-08 0.226195
  spring 58 59 1e-08 0.226195
  spring 59 60 1e-08 0.226195
  spring 60 61 1e-08 0.226195
  spring 61 62 1e-08 0.226195
  spring 62 63 1e-08 0.226195
  spring 63 64 1e-08 0.226195
  spring 64 65 1e-08 0.226195
  spring 65 66 1e-08 0.226195
  spring 66 67 1e-08 0.226195
  spring 67 68 1e-08 0.226195
  spring 68 69 1e-08 0.226195
  spring 69 70 1e-08 0.226195
  spring 70 71 1e-08 0.226195
  spring 71 72 1e-08 0.226195
  spring 72 73 1e-08 0.226195
  spring 73 74 1e-08 0.226195
  spring 74 75 1e-08 0.226195
  spring 75 76 1e-08 0.226195
  spring 76 77 1e-08 0.226195
  spring 77 78 1e-08 0.226195
  spring 78 79 1e-08 0.226195
  spring 79 80 1e-08 0.226195
  spring 80 81 1e-08 0.226195
  spring 81 82 1e-08 0.226195
  spring 82 83 1e-08 0.226195
  spring 83 84 1e-08 0.226195
  spring 84 85 1e-08 0.226195
  spring 85 86 1e-08 0.226195
  spring 86 87 1e-08 0.226195
  spring 87 88 1e-08 0.226195
  spring 88 89 1e-08 0.226195
  spring 89 90 1e-08 0.226195
  spring 90 91 1e-08 0.226195
  spring 91 92 1e-08 0.226195
  spring 92 93 1e-08 0.226195
  spring 93 94 1e-08 0.226195
  spring 94 95 1e-08 0.226195
  spring 95 96 1e-08 0.226195
  spring 96 97 1e-08 0.226195
  spring 97 98 1e-08 0.226195
  spring 98 99 1e-08 0.226195
  spring 99 100 1e-08 0.226195
  spring 101 102 1e-08 0.226195
  spring 102 103 1e-08 0.226195
  spring 103 104 1e-08 0.226195
  spring 104 105 1e-08 0.226195
  spring 105 106 1e-08 0.226195
  spring 106 107 1e-08 0.226195
  spring 107 108 1e-08 0.226195
  spring 108 109 1e-08 0.226195
  spring 109 110 1e-08 0.226195
  spring 42 101 1e-08 0.226195
  spring 48 110 1e-08 0.226195
  spring 102 111 1e-08 0.0226195
  spring 108 111 1e-08 0.0226195
  spring 49 109 1e-08 0.226195
  collision_spring_constant 0.0565487
  spring_damping_factor 0
  spring 0 1 1e-08 0.226195
  spring 1 2 1e-08 0.226195
  spring 2 3 1e-08 0.226195
  spring 3 4 1e-08 0.226195
  spring 4 5 1e-08 0.226195
  spring 5 6 1e-08 0.226195
  spring 6 7 1e-08 0.226195
  spring 7 8 1e-08 0.226195
  spring 8 9 1e-08 0.226195
  spring 9 10 1e-08 0.226195
  spring 10 11 1e-08 0.226195
  spring 11 12 1e-08 0.226195
  spring 12 13 1e-08 0.226195
  spring 13 14 1e-08 0.226195
  spring 14 15 1e-08 0.226195
  spring 15 16 1e-08 0.226195
  spring 16 17 1e-08 0.226195
  spring 17 18 1e-08 0.226195
  spring 18 19 1e-08 0.226195
  spring 19 20 1e-08 0.226195
  spring 20 21 1e-08 0.226195
  spring 21 22 1e-08 0.226195
  spring 22 23 1e-08 0.226195
  spring 23 24 1e-08 0.226195
  spring 24 25 1e-08 0.226195
  spring 25 26 1e-08 0.226195
  spring 26 27 1e-08 0.226195
  spring 27 28 1e-08 0.226195
  spring 28 29 1e-08 0.226195
  spring 29 30 1e-08 0.226195
  spring 30 31 1e-08 0.226195
  spring 31 32 1e-08 0.226195
  spring 32 33 1e-08 0.226195
  spring 33 34 1e-08 0.226195
  spring 34 35 1e-08 0.226195
  spring 35 36 1e-08 0.226195
  spring 36 37 1e-08 0.226195
  spring 37 38 1e-08 0.226195
  spring 38 39 1e-08 0.226195
  spring 39 40 1e-08 0.226195
  spring 40 41 1e-08 0.226195
  spring 41 42 1e-08 0.226195
  spring 42 43 1e-08 0.226195
  spring 43 44 1e-08 0.226195
  spring 44 45 1e-08 0.226195
  spring 45 46 1e-08 0.226195
  spring 46 47 1e-08 0.226195
  spring 47 48 1e-08 0.226195
  spring 48 49 1e-08 0.226195
  spring 49 50 1e-08 0.226195
  spring 50 51 1e-08 0.226195
  spring 51 52 1e-08 0.226195
  spring 52 53 1e-08 0.226195
  spring 53 54 1e-08 0.226195
  spring 54 55 1e-08 0.226195
  spring 55 56 1e-08 0.226195
  spring 56 57 1e-08 0.226195
  spring 57 58 1e-08 0.226195
  spring 58 59 1e-08 0.226195
  spring 59 60 1e-08 0.226195
  spring 60 61 1e-08 0.226195
  spring 61 62 1e-08 0.226195
  spring 62 63 1e-08 0.226195
  spring 63 64 1e-08 0.226195
  spring 64 65 1e-08 0.226195
  spring 65 66 1e-08 0.226195
  spring 66 67 1e-08 0.226195
  spring 67 68 1e-08 0.226195
  spring 68 69 1e-08 0.226195
  spring 69 70 1e-08 0.226195
  spring 70 71 1e-08 0.226195
  spring 71 72 1e-08 0.226195
  spring 72 73 1e-08 0.226195
  spring 73 74 1e-08 0.226195
  spring 74 75 1e-08 0.226195
  spring 75 76 1e-08 0.226195
  spring 76 77 1e-08 0.226195
  spring 77 78 1e-08 0.226195
  spring 78 79 1e-08 0.226195
  spring 79 80 1e-08 0.226195
  spring 80 81 1e-08 0.226195
  spring 81 82 1e-08 0.226195
  spring 82 83 1e-08 0.226195
  spring 83 84 1e-08 0.226195
  spring 84 85 1e-08 0.226195
  spring 85 86 1e-08 0.226195
  spring 86 87 1e-08 0.226195
  spring 87 88 1e-08 0.226195
  spring 88 89 1e-08 0.226195
  spring 89 90 1e-08 0.226195
  spring 90 91 1e-08 0.226195
  spring 91 92 1e-08 0.226195
  spring 92 93 1e-08 0.226195
  spring 93 94 1e-08 0.226195
  spring 94 95 1e-08 0.226195
  spring 95 96 1e-08 0.226195
  spring 96 97 1e-08 0.226195
  spring 97 98 1e-08 0.226195
  spring 98 99 1e-08 0.226195
  spring 99 100 1e-08 0.226195
  spring 101 102 1e-08 0.226195
  spring 102 103 1e-08 0.226195
  spring 103 104 1e-08 0.226195
  spring 104 105 1e-08 0.226195
  spring 105 106 1e-08 0.226195
  spring 106 107 1e-08 0.226195
  spring 107 108 1e-08 0.226195
  spring 108 109 1e-08 0.226195
  spring 109 110 1e-08 0.226195
  spring 42 101 1e-08 0.226195
  spring 102 111 1e-08 0.0226195
  spring 108 111 1e-08 0.0226195
  spring 49 109 1e-08 0.226195
  spring 50 110 1e-08 0.226195
  collision_spring_constant 0.0565487
  spring_damping_factor 0
  spring 0 1 1e-08 0.226195
  spring 1 2 1e-08 0.226195
  spring 2 3 1e-08 0.226195
  spring 3 4 1e-08 0.226195
  spring 4 5 1e-08 0.226195
  spring 5 6 1e-08 0.226195
  spring 6 7 1e-08 0.226195
  spring 7 8 1e-08 0.226195
  spring 8 9 1e-08 0.226195
  spring 9 10 1e-08 0.226195
  spring 10 11 1e-08 0.226195
  spring 11 12 1e-08 0.226195
  spring 12 13 1e-08 0.226195
  spring 13 14 1e-08 0.226195
  spring 14 15 1e-08 0.226195
  spring 15 16 1e-08 0.226195
  spring 16 17 1e-08 0.226195
  spring 17 18 1e-08 0.226195
  spring 18 19 1e-08 0.226195
  spring 19 20 1e-08 0.226195
  spring 20 21 1e-08 0.226195
  spring 21 22 1e-08 0.226195
  spring 22 23 1e-08 0.226195
  spring 23 24 1e-08 0.226195
  spring 24 25 1e-08 0.226195
  spring 25 26 1e-08 0.226195
  spring 26 27 1e-08 0.226195
  spring 27 28 1e-08 0.226195
  spring 28 29 1e-08 0.226195
  spring 29 30 1e-08 0.226195
  spring 30 31 1e-08 0.226195
  spring 31 32 1e-08 0.226195
  spring 32 33 1e-08 0.226195
  spring 33 34 1e-08 0.226195
  spring 34 35 1e-08 0.226195
  spring 35 36 1e-08 0.226195
  spring 36 37 1e-08 0.226195
  spring 37 38 1e-08 0.226195
  spring 38 39 1e-08 0.226195
  spring 39 40 1e-08 0.226195
  spring 40 41 1e-08 0.226195
  spring 41 42 1e-08 0.226195
  spring 42 43 1e-08 0.226195
  spring 43 44 1e-08 0.226195
  spring 44 45 1e-08 0.226195
  spring 45 46 1e-08 0.226195
  spring 46 47 1e-08 0.226195
  spring 47 48 1e-08 0.226195
  spring 48 49 1e-08 0.226195
  spring 49 50 1e-08 0.226195
  spring 50 51 1e-08 0.226195
  spring 51 52 1e-08 0.226195
  spring 52 53 1e-08 0.226195
  spring 53 54 1e-08 0.226195
  spring 54 55 1e-08 0.226195
  spring 55 56 1e-08 0.226195
  spring 56 57 1e-08 0.226195
  spring 57 58 1e-08 0.226195
  spring 58 59 1e-08 0.226195
  spring 59 60 1e-08 0.226195
  spring 60 61 1e-08 0.226195
  spring 61 62 1e-08 0.226195
  spring 62 63 1e-08 0.226195
  spring 63 64 1e-08 0.226195
  spring 64 65 1e-08 0.226195
  spring 65 66 1e-08 0.226195
  spring 66 67 1e-08 0.226195
  spring 67 68 1e-08 0.226195
  spring 68 69 1e-08 0.226195
  spring 69 70 1e-08 0.226195
  spring 70 71 1e-08 0.226195
  spring 71 72 1e-08 0.226195
  spring 72 73 1e-08 0.226195
  spring 73 74 1e-08 0.226195
  spring 74 75 1e-08 0.226195
  spring 75 76 1e-08 0.226195
  spring 76 77 1e-08 0.226195
  spring 77 78 1e-08 0.226195
  spring 78 79 1e-08 0.226195
  spring 79 80 1e-08 0.226195
  spring 80 81 1e-08 0.226195
  spring 81 82 1e-08 0.226195
  spring 82 83 1e-08 0.226195
  spring 83 84 1e-08 0.226195
  spring 84 85 1e-08 0.226195
  spring 85 86 1e-08 0.226195
  spring 86 87 1e-08 0.226195
  spring 87 88 1e-08 0.226195
  spring 88 89 1e-08 0.226195
  spring 89 90 1e-08 0.226195
  spring 90 91 1e-08 0.226195
  spring 91 92 1e-08 0.226195
  spring 92 93 1e-08 0.226195
  spring 93 94 1e-08 0.226195
  spring 94 95 1e-08 0.226195
  spring 95 96 1e-08 0.226195
  spring 96 97 1e-08 0.226195
  spring 97 98 1e-08 0.226195
  spring 98 99 1e-08 0.226195
  spring 99 100 1e-08 0.226195
  spring 101 102 1e-08 0.226195
  spring 102 103 1e-08 0.226195
  spring 103 104 1e-08 0.226195
  spring 104 105 1e-08 0.226195
  spring 105 106 1e-08 0.226195
  spring 106 107 1e-08 0.226195
  spring 107 108 1e-08 0.226195
  spring 108 109 1e-08 0.226195
  spring 109 110 1e-08 0.226195
  spring 42 101 1e-08 0.226195
  spring 102 111 1e-08 0.0226195
  spring 108 111 1e-08 0.0226195
  spring 50 110 1e-08 0.226195
  spring 51 109 1e-08 0.226195
  collision_spring_constant 0.0565487
  spring_damping_factor 0
  spring 0 1 1e-08 0.226195
  spring 1 2 1e-08 0.226195
  spring 2 3 1e-08 0.226195
  spring 3 4 1e-08 0.226195
  spring 4 5 1e-08 0.226195
  spring 5 6 1e-08 0.226195
  spring 6 7 1e-08 0.226195
  spring 7 8 1e-08 0.226195
  spring 8 9 1e-08 0.226195
  spring 9 10 1e-08 0.226195
  spring 10 11 1e-08 0.226195
  spring 11 12 1e-08 0.226195
  spring 12 13 1e-08 0.226195
  spring 13 14 1e-08 0.226195
  spring 14 15 1e-08 0.226195
  spring 15 16 1e-08 0.226195
  spring 16 17 1e-08 0.226195
  spring 17 18 1e-08 0.226195
  spring 18 19 1e-08 0.226195
  spring 19 20 1e-08 0.226195
  spring 20 21 1e-08 0.226195
  spring 21 22 1e-08 0.226195
  spring 22 23 1e-08 0.226195
  spring 23 24 1e-08 0.226195
  spring 24 25 1e-08 0.226195
  spring 25 26 1e-08 0.226195
  spring 26 27 1e-08 0.226195
  spring 27 28 1e-08 0.226195
  spring 28 29 1e-08 0.226195
  spring 29 30 1e-08 0.226195
  spring 30 31 1e-08 0.226195
  spring 31 32 1e-08 0.226195
  spring 32 33 1e-08 0.226195
  spring 33 34 1e-08 0.226195
  spring 34 35 1e-08 0.226195
  spring 35 36 1e-08 0.226195
  spring 36 37 1e-08 0.226195
  spring 37 38 1e-08 0.226195
  spring 38 39 1e-08 0.226195
  spring 39 40 1e-08 0.226195
  spring 40 41 1e-08 0.226195
  spring 41 42 1e-08 0.226195
  spring 42 43 1e-08 0.226195
  spring 43 44 1e-08 0.226195
  spring 44 45 1e-08 0.226195
  spring 45 46 1e-08 0.226195
  spring 46 47 1e-08 0.226195
  spring 47 48 1e-08 0.226195
  spring 48 49 1e-08 0.226195
  spring 49 50 1e-08 0.226195
  spring 50 51 1e-08 0.226195
  spring 51 52 1e-08 0.226195
  spring 52 53 1e-08 0.226195
  spring 53 54 1e-08 0.226195
  spring 54 55 1e-08 0.226195
  spring 55 56 1e-08 0.226195
  spring 56 57 1e-08 0.226195
  spring 57 58 1e-08 0.226195
  spring 58 59 1e-08 0.226195
  spring 59 60 1e-08 0.226195
  spring 60 61 1e-08 0.226195
  spring 61 62 1e-08 0.226195
  spring 62 63 1e-08 0.226195
  spring 63 64 1e-08 0.226195
  spring 64 65 1e-08 0.226195
  spring 65 66 1e-08 0.226195
  spring 66 67 1e-08 0.226195
  spring 67 68 1e-08 0.226195
  spring 68 69 1e-08 0.226195
  spring 69 70 1e-08 0.226195
  spring 70 71 1e-08 0.226195
  spring 71 72 1e-08 0.226195
  spring 72 73 1e-08 0.226195
  spring 73 74 1e-08 0.226195
  spring 74 75 1e-08 0.226195
  spring 75 76 1e-08 0.226195
  spring 76 77 1e-08 0.226195
  spring 77 78 1e-08 0.226195
  spring 78 79 1e-08 0.226195
  spring 79 80 1e-08 0.226195
  spring 80 81 1e-08 0.226195
  spring 81 82 1e-08 0.226195
  spring 82 83 1e-08 0.226195
  spring 83 84 1e-08 0.226195
  spring 84 85 1e-08 0.226195
  spring 85 86 1e-08 0.226195
  spring 86 87 1e-08 0.226195
  spring 87 88 1e-08 0.226195
  spring 88 89 1e-08 0.226195
  spring 89 90 1e-08 0.226195
  spring 90 91 1e-08 0.226195
  spring 91 92 1e-08 0.226195
  spring 92 93 1e-08 0.226195
  spring 93 94 1e-08 0.226195
  spring 94 95 1e-08 0.226195
  spring 95 96 1e-08 0.226195
  spring 96 97 1e-08 0.226195
  spring 97 98 1e-08 0.226195
  spring 98 99 1e-08 0.226195
  spring 99 100 1e-08 0.226195
  spring 101 102 1e-08 0.226195
  spring 102 103 1e-08 0.226195
  spring 103 104 1e-08 0.226195
  spring 104 105 1e-08 0.226195
  spring 105 106 1e-08 0.226195
  spring 106 107 1e-08 0.226195
  spring 107 108 1e-08 0.226195
  spring 108 109 1e-08 0.226195
  spring 109 110 1e-08 0.226195
  spring 42 101 1e-08 0.226195
  spring 102 111 1e-08 0.0226195
  spring 108 111 1e-08 0.0226195
  spring 51 109 1e-08 0.226195
  spring 52 110 1e-08 0.226195
  collision_spring_constant 0.0565487
  spring_damping_factor 0
  spring 0 1 1e-08 0.226195
  spring 1 2 1e-08 0.226195
  spring 2 3 1e-08 0.226195
  spring 3 4 1e-08 0.226195
  spring 4 5 1e-08 0.226195
  spring 5 6 1e-08 0.226195
  spring 6 7 1e-08 0.226195
  spring 7 8 1e-08 0.226195
  spring 8 9 1e-08 0.226195
  spring 9 10 1e-08 0.226195
  spring 10 11 1e-08 0.226195
  spring 11 12 1e-08 0.226195
  spring 12 13 1e-08 0.226195
  spring 13 14 1e-08 0.226195
  spring 14 15 1e-08 0.226195
  spring 15 16 1e-08 0.226195
  spring 16 17 1e-08 0.226195
  spring 17 18 1e-08 0.226195
  spring 18 19 1e-08 0.226195
  spring 19 20 1e-08 0.226195
  spring 20 21 1e-08 0.226195
  spring 21 22 1e-08 0.226195
  spring 22 23 1e-08 0.226195
  spring 23 24 1e-08 0.226195
  spring 24 25 1e-08 0.226195
  spring 25 26 1e-08 0.226195
  spring 26 27 1e-08 0.226195
  spring 27 28 1e-08 0.226195
  spring 28 29 1e-08 0.226195
  spring 29 30 1e-08 0.226195
  spring 30 31 1e-08 0.226195
  spring 31 32 1e-08 0.226195
  spring 32 33 1e-08 0.226195
  spring 33 34 1e-08 0.226195
  spring 34 35 1e-08 0.226195
  spring 35 36 1e-08 0.226195
  spring 36 37 1e-08 0.226195
  spring 37 38 1e-08 0.226195
  spring 38 39 1e-08 0.226195
  spring 39 40 1e-08 0.226195
  spring 40 41 1e-08 0.226195
  spring 41 42 1e-08 0.226195
  spring 42 43 1e-08 0.226195
  spring 43 44 1e-08 0.226195
  spring 44 45 1e-08 0.226195
  spring 45 46 1e-08 0.226195
  spring 46 47 1e-08 0.226195
  spring 47 48 1e-08 0.226195
  spring 48 49 1e-08 0.226195
  spring 49 50 1e-08 0.226195
  spring 50 51 1e-08 0.226195
  spring 51 52 1e-08 0.226195
  spring 52 53 1e-08 0.226195
  spring 53 54 1e-08 0.226195
  spring 54 55 1e-08 0.226195
  spring 55 56 1e-08 0.226195
  spring 56 57 1e-08 0.226195
  spring 57 58 1e-08 0.226195
  spring 58 59 1e-08 0.226195
  spring 59 60 1e-08 0.226195
  spring 60 61 1e-08 0.226195
  spring 61 62 1e-08 0.226195
  spring 62 63 1e-08 0.226195
  spring 63 64 1e-08 0.226195
  spring 64 65 1e-08 0.226195
  spring 65 66 1e-08 0.226195
  spring 66 67 1e-08 0.226195
  spring 67 68 1e-08 0.226195
  spring 68 69 1e-08 0.226195
  spring 69 70 1e-08 0.226195
  spring 70 71 1e-08 0.226195
  spring 71 72 1e-08 0.226195
  spring 72 73 1e-08 0.226195
  spring 73 74 1e-08 0.226195
  spring 74 75 1e-08 0.226195
  spring 75 76 1e-08 0.226195
  spring 76 77 1e-08 0.226195
  spring 77 78 1e-08 0.226195
  spring 78 79 1e-08 0.226195
  spring 79 80 1e-08 0.226195
  spring 80 81 1e-08 0.226195
  spring 81 82 1e-08 0.226195
  spring 82 83 1e-08 0.226195
  spring 83 84 1e-08 0.226195
  spring 84 85 1e-08 0.226195
  spring 85 86 1e-08 0.226195
  spring 86 87 1e-08 0.226195
  spring 87 88 1e-08 0.226195
  spring 88 89 1e-08 0.226195
  spring 89 90 1e-08 0.226195
  spring 90 91 1e-08 0.226195
  spring 91 92 1e-08 0.226195
  spring 92 93 1e-08 0.226195
  spring 93 94 1e-08 0.226195
  spring 94 95 1e-08 0.226195
  spring 95 96 1e-08 0.226195
  spring 96 97 1e-08 0.226195
  spring 97 98 1e-08 0.226195
  spring 98 99 1e-08 0.226195
  spring 99 100 1e-08 0.226195
  spring 101 102 1e-08 0.226195
  spring 102 103 1e-08 0.226195
  spring 103 104 1e-08 0.226195
  spring 104 105 1e-08 0.226195
  spring 105 106 1e-08 0.226195
  spring 106 107 1e-08 0.226195
  spring 107 108 1e-08 0.226195
  spring 108 109 1e-08 0.226195
  spring 109 110 1e-08 0.226195
  spring 42 101 1e-08 0.226195
  spring 102 111 1e-08 0.0226195
  spring 108 111 1e-08 0.0226195
  spring 52 110 1e-08 0.226195
  spring 53 109 1e-08 0.226195
  collision_spring_constant 0.0565487
  spring_damping_factor 0
  spring 0 1 1e-08 0.226195
  spring 1 2 1e-08 0.226195
  spring 2 3 1e-08 0.226195
  spring 3 4 1e-08 0.226195
  spring 4 5 1e-08 0.226195
  spring 5 6 1e-08 0.226195
  spring 6 7 1e-08 0.226195
  spring 7 8 1e-08 0.226195
  spring 8 9 1e-08 0.226195
  spring 9 10 1e-08 0.226195
  spring 10 11 1e-08 0.226195
  spring 11 12 1e-08 0.226195
  spring 12 13 1e-08 0.226195
  spring 13 14 1e-08 0.226195
  spring 14 15 1e-08 0.226195
  spring 15 16 1e-08 0.226195
  spring 16 17 1e-08 0.226195
  spring 17 18 1e-08 0.226195
  spring 18 19 1e-08 0.226195
  spring 19 20 1e-08 0.226195
  spring 20 21 1e-08 0.226195
  spring 21 22 1e-08 0.226195
  spring 22 23 1e-08 0.226195
  spring 23 24 1e-08 0.226195
  spring 24 25 1e-08 0.226195
  spring 25 26 1e-08 0.226195
  spring 26 27 1e-08 0.226195
  spring 27 28 1e-08 0.226195
  spring 28 29 1e-08 0.226195
  spring 29 30 1e-08 0.226195
  spring 30 31 1e-08 0.226195
  spring 31 32 1e-08 0.226195
  spring 32 33 1e-08 0.226195
  spring 33 34 1e-08 0.226195
  spring 34 35 1e-08 0.226195
  spring 35 36 1e-08 0.226195
  spring 36 37 1e-08 0.226195
  spring 37 38 1e-08 0.226195
  spring 38 39 1e-08 0.226195
  spring 39 40 1e-08 0.226195
  spring 40 41 1e-08 0.226195
  spring 41 42 1e-08 0.226195
  spring 42 43 1e-08 0.226195
  spring 43 44 1e-08 0.226195
  spring 44 45 1e-08 0.226195
  spring 45 46 1e-08 0.226195
  spring 46 47 1e-08 0.226195
  spring 47 48 1e-08 0.226195
  spring 48 49 1e-08 0.226195
  spring 49 50 1e-08 0.226195
  spring 50 51 1e-08 0.226195
  spring 51 52 1e-08 0.226195
  spring 52 53 1e-08 0.226195
  spring 53 54 1e-08 0.226195
  spring 54 55 1e-08 0.226195
  spring 55 56 1e-08 0.226195
  spring 56 57 1e-08 0.226195
  spring 57 58 1e-08 0.226195
  spring 58 59 1e-08 0.226195
  spring 59 60 1e-08 0.226195
  spring 60 61 1e-08 0.226195
  spring 61 62 1e-08 0.226195
  spring 62 63 1e-08 0.226195
  spring 63 64 1e-08 0.226195
  spring 64 65 1e-08 0.226195
  spring 65 66 1e-08 0.226195
  spring 66 67 1e-08 0.226195
  spring 67 68 1e-08 0.226195
  spring 68 69 1e-08 0.226195
  spring 69 70 1e-08 0.226195
  spring 70 71 1e-08 0.226195
  spring 71 72 1e-08 0.226195
  spring 72 73 1e-08 0.226195
  spring 73 74 1e-08 0.226195
  spring 74 75 1e-08 0.226195
  spring 75 76 1e-08 0.226195
  spring 76 77 1e-08 0.226195
  spring 77 78 1e-08 0.226195
  spring 78 79 1e-08 0.226195
  spring 79 80 1e-08 0.226195
  spring 80 81 1e-08 0.226195
  spring 81 82 1e-08 0.226195
  spring 82 83 1e-08 0.226195
  spring 83 84 1e-08 0.226195
  spring 84 85 1e-08 0.226195
  spring 85 86 1e-08 0.226195
  spring 86 87 1e-08 0.226195
  spring 87 88 1e-08 0.226195
  spring 88 89 1e-08 0.226195
  spring 89 90 1e-08 0.226195
  spring 90 91 1e-08 0.226195
  spring 91 92 1e-08 0.226195
  spring 92 93 1e-08 0.226195
  spring 93 94 1e-08 0.226195
  spring 94 95 1e-08 0.226195
  spring 95 96 1e-08 0.226195
  spring 96 97 1e-08 0.226195
  spring 97 98 1e-08 0.226195
  spring 98 99 1e-08 0.226195
  spring 99 100 1e-08 0.226195
  spring 101 102 1e-08 0.226195
  spring 102 103 1e-08 0.226195
  spring 103 104 1e-08 0.226195
  spring 104 105 1e-08 0.226195
  spring 105 106 1e-08 0.226195
  spring 106 107 1e-08 0.226195
  spring 107 108 1e-08 0.226195
  spring 108 109 1e-08 0.226195
  spring 109 110 1e-08 0.226195
  spring 42 101 1e-08 0.226195
  spring 102 111 1e-08 0.0226195
  spring 108 111 1e-08 0.0226195
  spring 52 110 1e-08 0.226195
  spring 51 109 1e-08 0.226195
  collision_spring_constant 0.0565487
  spring_damping_factor 0
  spring 0 1 1e-08 0.226195
  spring 1 2 1e-08 0.226195
  spring 2 3 1e-08 0.226195
  spring 3 4 1e-08 0.226195
  spring 4 5 1e-08 0.226195
  spring 5 6 1e-08 0.226195
  spring 6 7 1e-08 0.226195
  spring 7 8 1e-08 0.226195
  spring 8 9 1e-08 0.226195
  spring 9 10 1e-08 0.226195
  spring 10 11 1e-08 0.226195
  spring 11 12 1e-08 0.226195
  spring 12 13 1e-08 0.226195
  spring 13 14 1e-08 0.226195
  spring 14 15 1e-08 0.226195
  spring 15 16 1e-08 0.226195
  spring 16 17 1e-08 0.226195
  spring 17 18 1e-08 0.226195
  spring 18 19 1e-08 0.226195
  spring 19 20 1e-08 0.226195
  spring 20 21 1e-08 0.226195
  spring 21 22 1e-08 0.226195
  spring 22 23 1e-08 0.226195
  spring 23 24 1e-08 0.226195
  spring 24 25 1e-08 0.226195
  spring 25 26 1e-08 0.226195
  spring 26 27 1e-08 0.226195
  spring 27 28 1e-08 0.226195
  spring 28 29 1e-08 0.226195
  spring 29 30 1e-08 0.226195
  spring 30 31 1e-08 0.226195
  spring 31 32 1e-08 0.226195
  spring 32 33 1e-08 0.226195
  spring 33 34 1e-08 0.226195
  spring 34 35 1e-08 0.226195
  spring 35 36 1e-08 0.226195
  spring 36 37 1e-08 0.226195
  spring 37 38 1e-08 0.226195
  spring 38 39 1e-08 0.226195
  spring 39 40 1e-08 0.226195
  spring 40 41 1e-08 0.226195
  spring 41 42 1e-08 0.226195
  spring 42 43 1e-08 0.226195
  spring 43 44 1e-08 0.226195
  spring 44 45 1e-08 0.226195
  spring 45 46 1e-08 0.226195
  spring 46 47 1e-08 0.226195
  spring 47 48 1e-08 0.226195
  spring 48 49 1e-08 0.226195
  spring 49 50 1e-08 0.226195
  spring 50 51 1e-08 0.226195
  spring 51 52 1e-08 0.226195
  spring 52 53 1e-08 0.226195
  spring 53 54 1e-08 0.226195
  spring 54 55 1e-08 0.226195
  spring 55 56 1e-08 0.226195
  spring 56 57 1e-08 0.226195
  spring 57 58 1e-08 0.226195
  spring 58 59 1e-08 0.226195
  spring 59 60 1e-08 0.226195
  spring 60 61 1e-08 0.226195
  spring 61 62 1e-08 0.226195
  spring 62 63 1e-08 0.226195
  spring 63 64 1e-08 0.226195
  spring 64 65 1e-08 0.226195
  spring 65 66 1e-08 0.226195
  spring 66 67 1e-08 0.226195
  spring 67 68 1e-08 0.226195
  spring 68 69 1e-08 0.226195
  spring 69 70 1e-08 0.226195
  spring 70 71 1e-08 0.226195
  spring 71 72 1e-08 0.226195
  spring 72 73 1e-08 0.226195
  spring 73 74 1e-08 0.226195
  spring 74 75 1e-08 0.226195
  spring 75 76 1e-08 0.226195
  spring 76 77 1e-08 0.226195
  spring 77 78 1e-08 0.226195
  spring 78 79 1e-08 0.226195
  spring 79 80 1e-08 0.226195
  spring 80 81 1e-08 0.226195
  spring 81 82 1e-08 0.226195
  spring 82 83 1e-08 0.226195
  spring 83 84 1e-08 0.226195
  spring 84 85 1e-08 0.226195
  spring 85 86 1e-08 0.226195
  spring 86 87 1e-08 0.226195
  spring 87 88 1e-08 0.226195
  spring 88 89 1e-08 0.226195
  spring 89 90 1e-08 0.226195
  spring 90 91 1e-08 0.226195
  spring 91 92 1e-08 0.226195
  spring 92 93 1e-08 0.226195
  spring 93 94 1e-08 0.226195
  spring 94 95 1e-08 0.226195
  spring 95 96 1e-08 0.226195
  spring 96 97 1e-08 0.226195
  spring 97 98 1e-08 0.226195
  spring 98 99 1e-08 0.226195
  spring 99 100 1e-08 0.226195
  spring 101 102 1e-08 0.226195
  spring 102 103 1e-08 0.226195
  spring 103 104 1e-08 0.226195
  spring 104 105 1e-08 0.226195
  spring 105 106 1e-08 0.226195
  spring 106 107 1e-08 0.226195
  spring 107 108 1e-08 0.226195
  spring 108 109 1e-08 0.226195
  spring 109 110 1e-08 0.226195
  spring 42 101 1e-08 0.226195
  spring 102 111 1e-08 0.0226195
  spring 108 111 1e-08 0.0226195
  spring 52 110 1e-08 0.226195
  spring 53 109 1e-08 0.226195
  collision_spring_constant 0.0565487
  spring_damping_factor 0
  spring 0 1 1e-08 0.226195
  spring 1 2 1e-08 0.226195
  spring 2 3 1e-08 0.226195
  spring 3 4 1e-08 0.226195
  spring 4 5 1e-08 0.226195
  spring 5 6 1e-08 0.226195
  spring 6 7 1e-08 0.226195
  spring 7 8 1e-08 0.226195
  spring 8 9 1e-08 0.226195
  spring 9 10 1e-08 0.226195
  spring 10 11 1e-08 0.226195
  spring 11 12 1e-08 0.226195
  spring 12 13 1e-08 0.226195
  spring 13 14 1e-08 0.226195
  spring 14 15 1e-08 0.226195
  spring 15 16 1e-08 0.226195
  spring 16 17 1e-08 0.226195
  spring 17 18 1e-08 0.226195
  spring 18 19 1e-08 0.226195
  spring 19 20 1e-08 0.226195
  spring 20 21 1e-08 0.226195
  spring 21 22 1e-08 0.226195
  spring 22 23 1e-08 0.226195
  spring 23 24 1e-08 0.226195
  spring 24 25 1e-08 0.226195
  spring 25 26 1e-08 0.226195
  spring 26 27 1e-08 0.226195
  spring 27 28 1e-08 0.226195
  spring 28 29 1e-08 0.226195
  spring 29 30 1e-08 0.226195
  spring 30 31 1e-08 0.226195
  spring 31 32 1e-08 0.226195
  spring 32 33 1e-08 0.226195
  spring 33 34 1e-08 0.226195
  spring 34 35 1e-08 0.226195
  spring 35 36 1e-08 0.226195
  spring 36 37 1e-08 0.226195
  spring 37 38 1e-08 0.226195
  spring 38 39 1e-08 0.226195
  spring 39 40 1e-08 0.226195
  spring 40 41 1e-08 0.226195
  spring 41 42 1e-08 0.226195
  spring 42 43 1e-08 0.226195
  spring 43 44 1e-08 0.226195
  spring 44 45 1e-08 0.226195
  spring 45 46 1e-08 0.226195
  spring 46 47 1e-08 0.226195
  spring 47 48 1e-08 0.226195
  spring 48 49 1e-08 0.226195
  spring 49 50 1e-08 0.226195
  spring 50 51 1e-08 0.226195
  spring 51 52 1e-08 0.226195
  spring 52 53 1e-08 0.226195
  spring 53 54 1e-08 0.226195
  spring 54 55 1e-08 0.226195
  spring 55 56 1e-08 0.226195
  spring 56 57 1e-08 0.226195
  spring 57 58 1e-08 0.226195
  spring 58 59 1e-08 0.226195
  spring 59 60 1e-08 0.226195
  spring 60 61 1e-08 0.226195
  spring 61 62 1e-08 0.226195
  spring 62 63 1e-08 0.226195
  spring 63 64 1e-08 0.226195
  spring 64 65 1e-08 0.226195
  spring 65 66 1e-08 0.226195
  spring 66 67 1e-08 0.226195
  spring 67 68 1e-08 0.226195
  spring 68 69 1e-08 0.226195
  spring 69 70 1e-08 0.226195
  spring 70 71 1e-08 0.226195
  spring 71 72 1e-08 0.226195
  spring 72 73 1e-08 0.226195
  spring 73 74 1e-08 0.226195
  spring 74 75 1e-08 0.226195
  spring 75 76 1e-08 0.226195
  spring 76 77 1e-08 0.226195
  spring 77 78 1e-08 0.226195
  spring 78 79 1e-08 0.226195
  spring 79 80 1e-08 0.226195
  spring 80 81 1e-08 0.226195
  spring 81 82 1e-08 0.226195
  spring 82 83 1e-08 0.226195
  spring 83 84 1e-08 0.226195
  spring 84 85 1e-08 0.226195
  spring 85 86 1e-08 0.226195
  spring 86 87 1e-08 0.226195
  spring 87 88 1e-08 0.226195
  spring 88 89 1e-08 0.226195
  spring 89 90 1e-08 0.226195
  spring 90 91 1e-08 0.226195
  spring 91 92 1e-08 0.226195
  spring 92 93 1e-08 0.226195
  spring 93 94 1e-08 0.226195
  spring 94 95 1e-08 0.226195
  spring 95 96 1e-08 0.226195
  spring 96 97 1e-08 0.226195
  spring 97 98 1e-08 0.226195
  spring 98 99 1e-08 0.226195
  spring 99 100 1e-08 0.226195
  spring 101 102 1e-08 0.226195
  spring 102 103 1e-08 0.226195
  spring 103 104 1e-08 0.226195
  spring 104 105 1e-08 0.226195
  spring 105 106 1e-08 0.226195
  spring 106 107 1e-08 0.226195
  spring 107 108 1e-08 0.226195
  spring 108 109 1e-08 0.226195
  spring 109 110 1e-08 0.226195
  spring 42 101 1e-08 0.226195
  spring 102 111 1e-08 0.0226195
  spring 108 111 1e-08 0.0226195
  spring 53 109 1e-08 0.226195
  spring 54 110 1e-08 0.226195
  collision_spring_constant 0.0565487
  spring_damping_factor 0
  spring 0 1 1e-08 0.226195
  spring 1 2 1e-08 0.226195
  spring 2 3 1e-08 0.226195
  spring 3 4 1e-08 0.226195
  spring 4 5 1e-08 0.226195
  spring 5 6 1e-08 0.226195
  spring 6 7 1e-08 0.226195
  spring 7 8 1e-08 0.226195
  spring 8 9 1e-08 0.226195
  spring 9 10 1e-08 0.226195
  spring 10 11 1e-08 0.226195
  spring 11 12 1e-08 0.226195
  spring 12 13 1e-08 0.226195
  spring 13 14 1e-08 0.226195
  spring 14 15 1e-08 0.226195
  spring 15 16 1e-08 0.226195
  spring 16 17 1e-08 0.226195
  spring 17 18 1e-08 0.226195
  spring 18 19 1e-08 0.226195
  spring 19 20 1e-08 0.226195
  spring 20 21 1e-08 0.226195
  spring 21 22 1e-08 0.226195
  spring 22 23 1e-08 0.226195
  spring 23 24 1e-08 0.226195
  spring 24 25 1e-08 0.226195
  spring 25 26 1e-08 0.226195
  spring 26 27 1e-08 0.226195
  spring 27 28 1e-08 0.226195
  spring 28 29 1e-08 0.226195
  spring 29 30 1e-08 0.226195
  spring 30 31 1e-08 0.226195
  spring 31 32 1e-08 0.226195
  spring 32 33 1e-08 0.226195
  spring 33 34 1e-08 0.226195
  spring 34 35 1e-08 0.226195
  spring 35 36 1e-08 0.226195
  spring 36 37 1e-08 0.226195
  spring 37 38 1e-08 0.226195
  spring 38 39 1e-08 0.226195
  spring 39 40 1e-08 0.226195
  spring 40 41 1e-08 0.226195
  spring 41 42 1e-08 0.226195
  spring 42 43 1e-08 0.226195
  spring 43 44 1e-08 0.226195
  spring 44 45 1e-08 0.226195
  spring 45 46 1e-08 0.226195
  spring 46 47 1e-08 0.226195
  spring 47 48 1e-08 0.226195
  spring 48 49 1e-08 0.226195
  spring 49 50 1e-08 0.226195
  spring 50 51 1e-08 0.226195
  spring 51 52 1e-08 0.226195
  spring 52 53 1e-08 0.226195
  spring 53 54 1e-08 0.226195
  spring 54 55 1e-08 0.226195
  spring 55 56 1e-08 0.226195
  spring 56 57 1e-08 0.226195
  spring 57 58 1e-08 0.226195
  spring 58 59 1e-08 0.226195
  spring 59 60 1e-08 0.226195
  spring 60 61 1e-08 0.226195
  spring 61 62 1e-08 0.226195
  spring 62 63 1e-08 0.226195
  spring 63 64 1e-08 0.226195
  spring 64 65 1e-08 0.226195
  spring 65 66 1e-08 0.226195
  spring 66 67 1e-08 0.226195
  spring 67 68 1e-08 0.226195
  spring 68 69 1e-08 0.226195
  spring 69 70 1e-08 0.226195
  spring 70 71 1e-08 0.226195
  spring 71 72 1e-08 0.226195
  spring 72 73 1e-08 0.226195
  spring 73 74 1e-08 0.226195
  spring 74 75 1e-08 0.226195
  spring 75 76 1e-08 0.226195
  spring 76 77 1e-08 0.226195
  spring 77 78 1e-08 0.226195
  spring 78 79 1e-08 0.226195
  spring 79 80 1e-08 0.226195
  spring 80 81 1e-08 0.226195
  spring 81 82 1e-08 0.226195
  spring 82 83 1e-08 0.226195
  spring 83 84 1e-08 0.226195
  spring 84 85 1e-08 0.226195
  spring 85 86 1e-08 0.226195
  spring 86 87 1e-08 0.226195
  spring 87 88 1e-08 0.226195
  spring 88 89 1e-08 0.226195
  spring 89 90 1e-08 0.226195
  spring 90 91 1e-08 0.226195
  spring 91 92 1e-08 0.226195
  spring 92 93 1e-08 0.226195
  spring 93 94 1e-08 0.226195
  spring 94 95 1e-08 0.226195
  spring 95 96 1e-08 0.226195
  spring 96 97 1e-08 0.226195
  spring 97 98 1e-08 0.226195
  spring 98 99 1e-08 0.226195
  spring 99 100 1e-08 0.226195
  spring 101 102 1e-08 0.226195
  spring 102 103 1e-08 0.226195
  spring 103 104 1e-08 0.226195
  spring 104 105 1e-08 0.226195
  spring 105 106 1e-08 0.226195
  spring 106 107 1e-08 0.226195
  spring 107 108 1e-08 0.226195
  spring 108 109 1e-08 0.226195
  spring 109 110 1e-08 0.226195
  spring 42 101 1e-08 0.226195
  spring 102 111 1e-08 0.0226195
  spring 108 111 1e-08 0.0226195
  spring 54 110 1e-08 0.226195
  spring 55 109 1e-08 0.226195
